# region	12+log(O/H)	log(N/O)	log(S/O)	log(Ar/O)	log(Ne/O)
# Abundances are followed by the associated uncertainty
NGC5457-75.0+29.3   8.65 0.14 -0.62 0.16 -1.34 0.22 -2.21 0.16            
NGC5457+22.1-102.1  8.73 0.11 -0.80 0.15 -1.49 0.20 -2.28 0.16 -0.49 0.20 
NGC5457+47.9-103.2  8.79 0.09 -0.82 0.11 -1.32 0.15 -2.07 0.13            
NGC5457-12.0+139.0  8.53 0.13 -0.71 0.17 -1.28 0.22 -2.21 0.18 -0.58 0.21 
NGC5457+138.9+30.6  8.50 0.07 -0.77 0.09 -1.24 0.11 -2.05 0.08 -0.61 0.06 
NGC5457+134.4-58.8  8.62 0.10 -0.91 0.13 -1.66 0.17 -2.36 0.13 -0.66 0.10 
NGC5457+164.6+9.9   8.60 0.03 -0.95 0.05 -1.22 0.05 -2.12 0.05 -0.88 0.01 
NGC5457+89.3+149.7  8.83 0.16 -0.92 0.22 -1.64 0.26 -2.35 0.19 -0.74 0.16 
NGC5457-70.2+162.2  8.62 0.13 -0.90 0.18 -1.24 0.22 -2.13 0.14 -1.06 0.07 
NGC5457+166.4+86.3  8.42 0.08 -0.78 0.11 -1.35 0.14 -2.21 0.10            
NGC5457+177.2-42.8  8.45 0.06 -0.91 0.09 -1.46 0.11 -2.22 0.08 -0.95 0.05 
NGC5457-159.9+89.6  8.58 0.08 -0.77 0.11 -1.19 0.15 -2.03 0.11 -0.61 0.09 
NGC5457+133.1-126.8 8.58 0.14 -0.91 0.17 -1.70 0.22 -2.42 0.16 -0.72 0.12 
NGC5457+177.2+76.1  8.61 0.09 -0.89 0.12 -1.44 0.16 -2.18 0.11 -0.97 0.07 
NGC5457-120.2+146.9 8.57 0.06 -0.80 0.10 -1.02 0.12 -2.04 0.08 -0.97 0.05 
NGC5457+130.2+157.4 8.55 0.10 -0.82 0.13 -1.42 0.17 -2.20 0.12 -0.75 0.08 
NGC5457+129.2+161.7 8.30 0.04 -0.71 0.05 -1.31 0.07 -2.17 0.07 -1.05 0.06 
NGC5457-145.1+146.8 8.87 0.08 -1.00 0.12 -1.25 0.16 -2.17 0.13 -0.77 0.13 
NGC5457+103.5+192.6 8.46 0.08 -0.85 0.11 -1.35 0.16 -2.11 0.13 -0.98 0.14 
NGC5457-205.4-98.2  8.57 0.09 -0.90 0.13 -1.17 0.17 -2.28 0.11 -1.05 0.08 
NGC5457+17.3-235.4  8.62 0.07 -1.02 0.12 -1.32 0.14 -2.26 0.09 -0.97 0.04 
NGC5457+36.8-233.4  8.45 0.03 -0.99 0.06 -1.50 0.06 -2.27 0.06 -0.86 0.06 
NGC5457+139.0+200.7 8.53 0.08 -0.96 0.10 -1.48 0.14 -2.26 0.11 -0.75 0.13 
NGC5457+189.2-136.3 8.58 0.02 -0.99 0.05 -1.59 0.05 -2.27 0.05 -0.81 0.01 
NGC5457-183.9-179.0 8.68 0.14 -1.08 0.23 -1.36 0.25 -2.25 0.15 -0.67 0.07 
NGC5457-249.4-51.3  8.51 0.06 -0.90 0.08 -1.38 0.11 -2.28 0.09 -0.54 0.08 
NGC5457-250.8-52.0  8.59 0.11 -0.94 0.15 -1.45 0.20 -2.46 0.16 -0.28 0.16 
NGC5457+225.6-124.1 8.49 0.05 -1.05 0.08 -1.53 0.10 -2.35 0.07 -0.81 0.03 
NGC5457+117.9-235.0 8.30 0.07 -1.10 0.11 -1.45 0.14 -2.24 0.11 -0.95 0.11 
NGC5457-208.0-180.7 8.45 0.10 -0.92 0.17 -1.34 0.19 -2.29 0.11 -0.65 0.05 
NGC5457-12.3-271.1  8.49 0.08 -0.99 0.10 -1.49 0.14 -2.06 0.12 -0.99 0.12 
NGC5457-200.3-193.6 8.60 0.06 -1.13 0.11 -1.33 0.12 -2.32 0.10 -0.72 0.10 
NGC5457+96.7+266.9  8.49 0.08 -0.96 0.11 -1.46 0.14 -2.32 0.09 -0.70 0.06 
NGC5457+67.5+277.0  8.52 0.05 -1.04 0.10 -1.37 0.11 -2.27 0.07 -0.73 0.05 
NGC5457+252.2-109.8 8.53 0.08 -1.01 0.13 -1.52 0.15 -2.48 0.10 -0.77 0.06 
NGC5457+254.6-107.2 8.50 0.01 -0.98 0.02 -1.46 0.04 -2.18 0.04 -0.77 0.01 
NGC5457+281.4-71.8  8.42 0.05 -1.15 0.08 -1.48 0.09 -2.28 0.08 -0.89 0.07 
NGC5457-243.0+159.6 8.49 0.06 -1.00 0.09 -1.23 0.12 -2.20 0.11 -0.92 0.12 
NGC5457+249.3+201.9 8.42 0.09 -1.06 0.16 -1.34 0.18 -2.31 0.10 -0.71 0.05 
NGC5457-297.7+87.1  8.45 0.10 -1.04 0.15 -1.38 0.19 -2.25 0.13 -0.93 0.11 
NGC5457-309.4+56.9  8.35 0.03 -0.92 0.05 -1.31 0.06 -2.41 0.07 -0.78 0.06 
NGC5457+354.1+71.2  8.51 0.10 -1.23 0.19 -1.17 0.20 -2.18 0.11 -0.70 0.03 
NGC5457-164.9-333.9 8.53 0.03 -1.23 0.08 -1.33 0.07 -2.27 0.06 -0.89 0.05 
NGC5457+360.9+75.3  8.51 0.02 -1.22 0.05 -1.11 0.05 -2.16 0.05 -0.69 0.03 
NGC5457-377.9-64.9  8.52 0.06 -1.08 0.10 -1.33 0.11 -2.33 0.08 -0.62 0.07 
NGC5457-99.6-388.0  8.39 0.01 -1.12 0.03 -1.29 0.04 -2.08 0.04 -0.71 0.01 
NGC5457-397.4-71.7  8.33 0.04 -1.06 0.07 -1.46 0.08 -2.64 0.07 -0.60 0.07 
NGC5457-226.9-366.4 8.28 0.06 -1.20 0.12 -1.28 0.13 -2.22 0.08 -0.93 0.05 
NGC5457-405.5-157.7 8.14 0.02 -1.02 0.04 -1.49 0.04 -2.26 0.05 -0.84 0.04 
NGC5457-345.5+273.8 8.35 0.04 -1.17 0.09 -1.33 0.09 -2.44 0.09 -0.53 0.07 
NGC5457-410.3-206.3 8.32 0.09 -1.14 0.14 -1.62 0.16 -2.31 0.11 -0.94 0.08 
NGC5457-371.1-280.0 8.33 0.03 -1.11 0.07 -1.48 0.06 -2.36 0.05 -0.67 0.01 
NGC5457-368.3-285.6 8.45 0.02 -1.12 0.05 -1.51 0.05 -2.41 0.05 -0.70 0.01 
NGC5457-455.7-55.8  8.18 0.03 -1.37 0.05 -1.47 0.06 -2.43 0.06 -0.61 0.05 
NGC5457-392.0-270.1 8.36 0.02 -1.09 0.06 -1.63 0.04 -2.27 0.04 -0.70 0.01 
NGC5457-414.1-253.6 8.28 0.03 -1.15 0.10 -1.60 0.06 -2.15 0.07 -0.67 0.06 
NGC5457-464.7-131.0 8.16 0.01 -1.34 0.05 -1.53 0.02 -2.46 0.05 -0.63 0.02 
NGC5457-466.1-128.2 8.01 0.04 -1.34 0.08 -1.50 0.08 -2.39 0.07 -0.69 0.06 
NGC5457-479.7-3.9   8.15 0.01 -0.90 0.07 -1.61 0.02 -2.53 0.05 -0.70 0.02 
NGC5457-481.4-0.5   7.95 0.03 -1.30 0.05 -1.46 0.06 -2.47 0.06 -0.57 0.05 
NGC5457-453.8-191.8 8.24 0.06 -1.38 0.13 -1.68 0.14 -2.60 0.07 -0.64 0.02 
NGC5457+331.9+401.0 8.23 0.01 -1.33 0.05 -1.56 0.04 -2.38 0.05 -0.69 0.03 
NGC5457+324.5+415.8 8.23 0.02 -1.31 0.05 -1.48 0.03 -2.49 0.06 -0.70 0.04 
NGC5457+315.3+434.4 8.33 0.01 -1.29 0.04 -1.37 0.02 -2.42 0.05 -0.62 0.04 
NGC5457-540.5-149.9 7.89 0.01 -1.33 0.07 -1.66 0.05 -2.26 0.05 -0.63 0.03 
NGC5457+509.5+264.1 8.29 0.06 -1.34 0.17 -1.43 0.08 -2.27 0.08 -0.64 0.02 
NGC5457+266.0+534.1 8.18 0.03 -1.37 0.05 -1.47 0.06 -2.43 0.06 -0.61 0.05 
NGC5457+667.9+174.1 8.16 0.02 -1.34 0.11 -1.43 0.05 -2.17 0.05 -0.72 0.02 
NGC5457+650.1+270.7 8.09 0.04 -1.35 0.08 -1.47 0.06            -0.58 0.10 
NGC5457+692.1+272.9 8.10 0.04 -1.45 0.12 -1.35 0.12 -2.33 0.09 -0.67 0.07 
NGC5457+1.0+885.8   7.86 0.01 -1.46 0.02 -1.45 0.02 -2.69 0.06 -0.68 0.05 
NGC5457+6.6+886.3   7.92 0.01 -1.40 0.05 -1.40 0.02 -2.65 0.05 -0.67 0.03 
NGC5457-8.5+886.7   7.81 0.02 -1.42 0.06 -1.32 0.04 -2.79 0.10 -0.68 0.10 